8,912
6,66
9,954
5,435
7,272
7,63
8,979
5,500
8,492
8,467
6,221
9,920
6,751
5,941
7,327
2,486
1,866
6,383
0,625
6,464
8,819
3,205
4,326
1,281
4,684
3,934
4,751
5,590
6,6
3,597
3,889
8,302
6,871
9,350
5,233
3,43
5,266
3,65
9,214
4,877
8,996
3,300
8,498
1,699
7,359
1,650
8,263
2,311
10,824
10,147
6,317
10,301
1,616
3,824
10,23
8,843
5,628
1,640
5,507
9,624
5,376
5,207
6,123
9,352
2,365
4,759
3,37
5,6
10,526
5,956
0,447
3,132
5,964
6,740
3,121
3,47
7,169
8,567
0,410
6,826
2,924
8,871
9,974
8,478
9,356
3,756
5,597
7,834
10,213
8,741
2,613
7,625
5,965
2,887
5,759
8,324
2,713
0,952
7,799
3,198
4,939
10,632
3,237
5,243
6,227
0,35
2,627
9,918
0,462
3,322
4,415
3,73
8,935
6,894
7,496
9,873
4,638
6,89
5,612
8,494
1,688
8,480
3,258
6,452
6,654
2,67
7,981
4,7
1,113
8,712
1,673
10,971
9,186
9,28
1,740
8,356
0,1
8,424
10,925
3,731
1,805
5,357
5,306
2,925
3,734
8,528
9,117
1,235
5,281
4,36
4,690
8,375
2,746
7,502
10,557
10,315
4,787
3,631
4,733
3,324
2,419
10,59
3,628
5,466
4,616
9,738
4,224
3,210
9,955
10,313
5,733
7,946
8,465
2,585
1,495
10,859
5,908
4,472
10,715
0,286
2,693
5,645
6,485
3,906
8,477
3,783
3,522
2,149
10,996
4,204
9,186
1,882
4,65
0,995
2,766
6,266
0,66
6,327
5,559
3,903
3,433
0,911
6,747
7,968
5,470
0,544
4,788
8,99
8,453
7,790
5,712
2,708
1,883
10,881
10,775
3,724
2,682
2,660
6,576
9,29
7,343
4,316
0,996
4,151
2,580
8,110
0,973
10,44
10,235
8,734
3,887
6,82
7,975
2,736
6,928
7,542
5,926
8,398
0,193
0,710
0,309
3,247
10,377
1,419
5,250
0,894
7,740
2,522
4,600
2,230
1,551
2,470
8,609
4,841
9,855
10,936
3,139
10,998
1,994
2,457
4,725
10,546
10,746
10,151
6,643
1,324
8,406
1,943
6,44
5,781
3,414
2,309
8,391
10,628
4,424
2,724
10,933
1,524
7,494
7,378
7,180
5,703
10,980
4,753
4,194
4,106
10,680
10,855
6,732
4,418
0,901
5,280
6,571
1,435
5,420
8,418
7,498
2,540
8,976
7,895
1,687
0,387
1,375
8,218
9,164
2,458
0,936
7,569
10,20
0,556
4,278
2,964
0,236
1,72
8,343
5,971
6,462
9,713
5,214
7,256
8,826
5,670
5,337
1,944
6,462
9,272
7,648
3,108
4,702
6,692
4,285
6,938
10,965
6,380
4,538
7,182
2,997
5,271
1,307
3,928
1,674
10,803
1,110
7,356
2,304
0,806
1,35
4,161
9,499
10,75
1,272
10,715
8,189
1,973
9,640
0,79
4,719
0,902
7,299
0,397
7,747
0,450
4,690
8,300
6,32
7,102
7,609
2,617
5,405
5,695
9,930
7,589
1,112
1,14
9,873
9,596
5,135
1,810
8,551
7,645
2,589
3,553
2,512
0,348
8,463
8,27
7,123
2,379
10,216
5,885
10,752
1,329
1,618
8,432
6,786
9,72
6,902
1,582
10,916
6,182
2,762
8,975
8,975
0,701
4,466
10,895
6,493
9,910
8,956
3,919
4,583
1,878
2,88
0,625
10,776
9,887
5,662
6,113
9,859
0,410
0,163
10,626
7,187
2,28
6,41
8,167
7,666
6,748
9,312
5,104
1,226
4,335
9,542
5,625
3,324
3,252
1,875
6,136
9,623
8,182
5,385
4,466
5,543
3,333
7,225
1,873
4,241
5,457
10,968
4,712
5,406
0,292
8,27
10,243
5,717
0,198
10,474
3,313
5,699
10,790
3,167
0,197
4,780
3,640
7,679
6,63
3,370
1,578
5,750
9,290
5,788
2,237
2,65
10,829
1,603
8,235
0,578
9,554
3,839
9,485
1,525
6,780
0,825
5,364
0,520
4,175
1,726
2,313
6,759
6,374
3,618
8,977
1,693
5,831
8,614
5,813
5,366
8,148
4,87
3,170
6,92
6,495
10,446
9,367
6,17
5,582
1,476
5,692
6,19
4,588
3,137
7,981
7,577
6,574
6,381
8,73
6,291
4,455
4,66
5,449
3,315
2,198
9,467
2,731
2,416
8,374
6,969
5,116
6,214
1,254
10,385
3,911
8,981
5,443
9,380
1,624
6,927
6,333
8,187
6,816
4,494
4,682
8,894
7,565
3,635
4,911
7,844
9,719
8,279
5,793
6,146
6,439
3,842
7,553
5,495
10,695
1,471
4,163
7,529
6,746
7,294
7,906
3,314
9,268
0,627
3,899
5,234
1,225
10,177
3,908
7,299
0,774
7,565
4,242
3,994
10,297
8,954
1,960
9,103
4,687
4,104
4,854
5,165
10,708
2,309
5,272
0,978
4,148
9,536
1,482
1,159
1,389
3,169
4,786
3,620
10,638
9,800
5,185
5,107
4,889
1,888
5,183
9,435
1,442
10,674
1,577
1,743
1,154
0,568
4,981
10,389
1,951
4,819
3,534
7,47
0,387
4,732
9,718
6,395
1,710
9,163
5,250
2,648
0,242
2,717
5,912
4,843
7,276
9,181
4,223
5,585
2,448
1,654
8,323
0,620
0,974
3,901
5,525
7,123
5,724
5,186
5,765
2,438
8,127
10,58
1,844
6,701
10,624
9,906
2,530
5,185
9,845
6,469
7,205
10,292
3,731
7,54
8,547
5,510
5,848
9,119
9,493
3,464
2,403
2,480
7,396
3,745
7,728
5,120
0,136
7,781
7,912
10,759
0,708
4,311
6,510
7,518
4,912
2,441
3,650
7,336
10,336
10,985
5,98
3,6
1,336
6,905
4,239
2,260
1,53
0,789
4,738
7,699
4,16
3,841
5,49
4,498
5,284
6,692
6,991
10,106
3,838
5,965
4,158
10,807
0,36
8,61
6,703
5,332
10,706
1,268
0,38
7,939
4,712
9,843
8,747
2,113
5,856
10,83
5,446
0,691
6,317
6,255
10,75
1,353
10,774
3,198
2,448
5,941
8,559
4,729
6,228
1,14
7,488
5,962
5,204
1,727
10,516
6,271
3,167
0,625
4,762
4,976
4,206
2,609
4,344
1,928
8,948
10,877
7,509
7,282
1,191
10,647
9,97
3,370
1,755
6,336
9,318
3,213
8,638
2,244
2,125
0,634
10,301
4,700
0,978
6,296
5,678
0,799
1,877
5,717
1,369
2,339
4,844
5,973
7,544
3,839
8,270
2,938
3,470
8,519
9,347
0,538
5,588
3,301
1,295
0,635
7,135
6,858
7,819
10,372
1,152
3,740
4,644
1,520
9,25
1,763
9,304
6,354
7,967
2,23
10,718
3,488
0,876
2,640
4,158
5,272
9,390
0,714
7,298
8,962
5,939
4,488
5,181
2,431
10,710
10,578
8,845
7,385
4,275
0,514
6,269
4,974
6,987
3,400
9,849
0,819
0,853
3,922
6,561
6,209
1,31
10,66
4,689
4,882
9,894
0,8
6,578
6,993
10,34
9,139
6,937
2,241
3,663
0,629
3,766
0,123
2,76
3,490
4,27
5,548
1,781
8,462
5,574
5,163
9,530
4,304
9,412
3,584
0,85
3,14
6,660
10,363
6,714
7,685
7,37
8,962
10,789
0,164
4,983
2,373
5,865
5,204
0,494
10,763
5,55
9,667
5,906
6,649
6,652
2,111
8,217
2,857
9,689
5,601
7,365
0,588
5,535
10,945
6,558
0,752
4,358
9,115
10,878
5,664
0,445
1,946
1,852
5,809
0,43
8,533
0,394
4,53
3,382
3,346
7,435
10,640
6,986
9,302
1,607
1,61
7,774
4,652
3,11
3,313
7,823
5,801
3,34
5,77
8,117
8,965
0,697
1,473
6,257
0,99
8,863
1,832
9,903
3,615
3,287
3,662
9,965
1,999
4,328
10,742
0,856
6,208
5,380
2,107
3,278
10,777
6,603
0,313
9,346
10,489
2,35
9,28
8,147
10,380
8,367
6,123
5,32
6,608
10,117
3,17
4,283
10,384
1,399
0,724
1,677
7,112
9,996
1,98
7,500
10,560
0,466
7,492
7,876
2,853
3,660
7,80
5,667
8,199
8,677
9,591
4,835
2,429
5,532
0,839
1,362
5,450
4,290
4,860
7,953
0,717
9,285
5,256
7,632
0,402
4,84
8,759
0,169
2,739
8,348
9,218
10,51
6,73
7,366
3,857
2,156
9,959
9,786
3,546
1,338
0,264
3,851
10,15
7,273
7,813
9,328
1,585
2,433
2,946
7,310
6,822
5,367
10,513
10,756
10,643
4,574
5,853
8,488
7,702
4,641
8,531
1,79
0,844
1,442
3,712
5,395
9,662
7,381
6,751
10,420
7,899
2,431
1,628
7,733
6,372
10,127
10,127
0,750
3,6
2,610
1,491
9,452
5,181
0,368
1,938
3,384
1,825
1,121
2,137
9,801
2,759
1,728
4,211
5,707
2,671
6,695
1,795
0,572
1,323
0,373
8,20
2,341
4,966
9,110
8,758
4,736
6,714
1,627
3,992
6,206
10,864
1,460
2,709
3,790
7,577
5,429
10,539
6,880
9,782
10,960
5,57
7,131
9,707
2,784
4,913
0,686
10,670
9,463
6,348
10,54
4,899
6,825
5,840
2,890
6,713
0,740
4,818
9,75
1,435
0,18
5,543
8,776
4,383
7,486
6,354
9,250
2,864
2,962
4,930
7,270
4,536
3,426
10,152
1,417
0,939
3,616
8,620
7,890
3,472
9,294
8,812
10,562
10,169
1,913
9,855
9,84
10,78
5,118
10,498
8,688
10,346
5,608
8,26
2,483
3,902
6,151
6,998
0,157
2,579
4,985
0,242
5,86
2,807
3,540
1,360
10,81
1,484
4,413
1,746
9,606
9,405
0,472
9,822
4,370
3,728
6,12
2,32
4,799
1,78
8,165
1,405
0,471
10,373
2,571
1,88
1,787
4,504
6,253
3,465
3,802
8,31
7,621
5,926
10,676
7,656
5,802
0,277
6,266
6,601
8,68
8,627
10,312
4,921
9,78
4,584
1,512
9,465
4,460
3,741
5,782
0,710
2,725
1,695
1,50
8,94
2,135
1,394
7,277
7,588
10,604
6,200
6,292
5,864
3,474
1,246
7,604
4,128
4,233
10,29
8,141
8,959
8,827
6,462
3,633
2,891
7,971
0,474
1,531
7,574
10,200
6,461
4,585
7,84
6,259
4,446
7,664
4,539
4,597
7,168
6,584
0,7
4,812
10,468
0,613
3,946
5,975
8,197
7,193
0,279
10,868
10,607
8,307
9,929
3,655
6,208
0,170
8,419
7,539
5,640
10,415
5,496
5,165
6,326
4,32
5,7
9,375
7,597
4,951
6,462
5,737
9,669
6,509
1,612
8,167
10,638
4,459
3,831
10,572
1,356
9,947
8,823
3,398
7,285
0,391
10,779
5,226
10,271
6,506
10,788
7,547
4,17
9,65
0,53
3,404
6,522
8,277
1,791
3,447
6,523
6,681
3,772
7,876
9,979
0,757
7,852
6,89
7,614
4,481
2,136
8,625
6,406
10,212
7,162
3,791
8,793
8,564
6,294
10,462
10,178
6,415
5,145
3,797
5,838
5,758
7,934
3,760
5,184
1,842
9,930
3,453
8,144
3,167
6,83
6,120
4,960
9,908
9,444
3,325
8,233
3,929
2,69
1,59
2,598
6,959
8,64
2,996
0,862
0,331
2,560
9,269
10,423
7,177
0,40
7,581
10,436
5,787
7,675
1,335
4,704
8,414
7,531
2,755
6,673
3,265
3,138
3,946
0,122
4,118
3,499
6,986
4,86
6,508
2,774
9,711
8,860
7,110
6,179
6,453
10,682
6,382
1,115
1,596
1,235
4,956
6,982
3,756
5,509
6,138
9,841
9,504
10,285
6,807
8,900
7,978
7,459
8,938
8,440
10,119
3,331
9,23
9,381
0,89
7,609
10,955
10,591
1,886
8,512
8,951
7,699
6,94
0,354
4,726
10,232
8,17
3,317
10,41
8,594
7,26
3,844
3,412
9,666
4,110
10,941
3,125
7,295
4,307
8,409
4,795
2,198
1,904
9,230
9,398
3,310
7,142
5,191
5,843
1,155
2,481
4,5
7,844
5,580
1,875
5,50
1,54
9,165
10,947
0,380
6,145
3,141
10,422
1,18
2,588
4,282
7,569
8,158
1,751
7,909
10,687
7,9
2,52
9,396
8,891
5,249
5,12
0,452
8,378
0,275
5,772
3,93
8,719
10,407
1,966
1,174
0,617
10,971
10,974
0,473
2,90
6,599
6,466
6,472
4,655
9,143
2,769
1,145
6,53
8,206
9,845
3,665
8,450
5,402
9,336
3,913
5,164
0,47
10,902
1,940
8,502
1,107
0,169
3,306
7,23
0,671
1,555
1,351
9,977
7,860
1,813
3,376
5,792
7,187
7,139
7,317
9,19
8,41
5,516
6,391
6,88
10,288
10,927
10,100
1,409
4,152
5,7
0,791
3,243
6,903
7,749
10,597
8,557
0,983
2,258
8,69
1,662
10,748
6,696
5,603
3,262
5,558
4,866
9,118
7,825
8,709
2,72
1,864
2,705
7,481
2,90
6,707
7,157
4,305
10,973
10,509
8,926
4,532
6,189
3,739
4,615
6,443
6,478
2,693
5,225
3,508
2,86
7,161
8,196
1,451
5,168
10,626
6,171
4,705
5,831
0,684
8,494
1,407
8,185
5,569
8,632
1,396
2,875
8,773
5,530
9,255
8,283
4,122
7,188
3,261
0,467
1,450
7,695
6,10
9,104
6,212
2,291
6,613
10,705
5,978
1,558
10,276
9,532
10,341
5,174
3,216
10,414
0,253
9,150
9,237
5,704
4,279
0,485
2,331
5,674
4,111
10,388
5,989
10,136
1,827
4,139
0,795
0,424
8,650
7,938
1,566
1,537
9,595
9,464
2,514
0,950
8,539
3,88
2,138
10,408
4,857
2,584
5,196
9,99
4,665
8,557
4,701
6,69
7,342
7,247
1,505
3,978
8,460
9,799
2,946
3,710
3,700
0,957
1,959
5,654
5,527
4,530
5,378
5,351
2,475
5,864
7,911
10,320
2,336
2,861
8,540
8,937
7,225
2,86
7,597
5,873
0,310
5,888
6,560
6,757
3,896
9,381
4,279
0,105
0,718
3,691
3,130
7,462
8,32
1,305
6,374
9,992
5,441
2,124
5,144
3,129
6,493
8,945
0,529
10,559
5,767
1,488
9,729
3,220
1,496
2,611
1,362
3,331
4,869
1,594
9,220
10,986
5,339
4,454
3,814
4,640
3,556
1,872
0,926
4,787
8,722
1,27
10,150
1,686
2,633
10,385
5,864
0,899
9,131
9,492
9,433
0,810
10,248
8,259
9,18
10,124
9,248
1,693
2,504
10,596
3,525
1,551
4,781
10,548
1,185
8,437
6,474
3,676
0,6
4,684
9,877
2,774
7,647
10,106
4,904
0,972
3,67
7,59
4,620
5,11
5,913
7,56
8,413
7,982
2,592
10,866
6,86
9,182
6,303
8,41
2,600
1,728
9,476
3,471
3,128
6,992
7,965
7,805
2,931
9,185
8,448
4,795
5,910
3,154
7,4
6,560
2,475
7,724
1,669
9,361
8,893
6,537
0,462
0,812
8,348
7,767
7,325
2,561
2,709
4,457
2,345
2,659
3,121
2,480
1,896
8,262
3,580
10,330
2,925
3,291
4,855
0,733
9,992
2,664
5,976
4,629
8,192
5,232
6,602
2,306
5,190
8,486
1,451
2,390
6,602
3,988
8,241
0,353
1,963
1,457
2,650
5,612
5,450
9,622
8,768
0,835
4,708
10,779
5,360
0,17
9,389
7,44
9,716
1,742
3,277
0,49
3,262
10,255
8,452
2,728
10,133
1,599
10,454
1,377
10,678
1,163
8,401
6,991
10,485
10,969
5,204
0,547
4,174
5,672
4,18
7,672
7,66
2,169
7,326
5,801
1,605
1,142
3,956
0,845
9,641
3,392
3,984
5,176
5,257
10,302
4,150
9,173
7,75
2,175
7,484
0,183
7,678
8,221
4,27
2,56
7,468
10,436
3,502
9,70
1,356
9,449
9,205
3,23
8,688
4,735
8,819
1,567
10,20
1,184
10,207
10,116
4,412
4,753
7,757
4,596
8,467
0,175
10,806
4,8
2,125
0,872
6,627
8,857
0,762
8,443
1,930
7,695
0,757
7,10
0,526
10,912
10,589
9,155
9,514
1,76
5,993
5,387
2,963
7,408
10,562
7,403
2,835
8,722
0,496
5,677
4,465
9,240
6,107
7,898
6,101
7,241
7,145
3,503
2,744
8,623
10,983
6,590
8,915
8,838
10,925
10,593
10,40
4,895
10,100
6,325
6,653
9,487
9,337
4,414
8,197
10,342
1,903
0,516
1,338
10,564
2,767
6,793
3,777
5,401
2,176
7,203
10,503
2,75
1,854
3,514
8,205
6,277
7,706
4,974
6,153
4,321
5,414
9,140
2,452
7,855
0,175
6,756
10,805
0,264
10,326
9,16
6,15
7,62
8,337
9,448
2,729
2,538
5,835
9,550
2,27
4,156
1,692
1,87
0,195
6,734
4,418
4,199
8,884
3,329
1,974
9,58
7,500
10,612
2,158
3,440
9,999
10,592
7,820
0,200
7,721
4,103
0,734
0,376
3,524
2,835
9,919
4,382
8,31
2,768
9,1
5,645
2,59
3,951
0,938
2,888
3,538
2,634
5,99
3,840
5,470
1,566
8,735
5,410
1,246
8,603
10,241
10,11
0,685
2,346
7,742
2,598
4,274
10,930
1,927
8,175
10,623
4,262
8,16
0,520
6,48
8,382
5,624
4,445
9,378
8,921
7,395
1,507
2,342
9,434
8,953
5,492
5,718
8,851
6,703
4,545
5,871
9,65
8,762
6,214
4,536
4,951
1,100
4,801
8,586
5,612
4,939
2,936
7,367
8,619
9,456
4,628
2,112
4,751
3,215
6,483
6,148
5,758
4,211
1,791
5,866
6,84
2,898
4,263
5,174
10,523
10,480
5,405
6,240
0,920
2,853
8,966
10,746
8,85
8,680
8,962
10,920
2,983
6,397
0,321
2,378
4,765
5,931
4,979
10,715
4,339
10,44
9,660
5,731
8,135
5,133
6,36
2,441
7,95
4,779
8,878
10,935
8,511
9,461
8,169
1,982
3,312
4,625
1,881
0,598
7,817
8,943
2,116
8,523
4,721
6,134
6,839
7,978
8,244
2,781
9,282
8,426
1,514
8,906
8,868
10,765
0,119
0,124
4,246
8,302
5,472
2,638
1,318
3,517
4,148
3,584
2,56
4,427
6,296
1,370
2,414
4,941
7,171
9,386
3,953
3,684
6,141
0,891
2,504
10,384
7,162
10,193
5,787
10,335
10,318
9,710
8,63
4,978
10,269
5,939
8,100
2,586
1,660
10,777
1,300
7,407
10,201
7,798
8,39
10,802
10,898
10,556
10,373
8,360
2,211
8,493
7,509
5,416
0,812
7,906
6,231
10,407
0,840
4,499
4,473
9,314
5,771
7,516
3,635
8,684
2,69
3,701
0,767
4,844
0,334
5,269
3,679
0,554
2,240
6,849
9,350
8,135
8,861
0,942
10,942
7,195
6,156
3,478
2,770
1,410
4,688
5,29
8,373
7,939
7,725
3,731
10,1
4,539
4,312
2,697
9,30
5,33
4,837
4,491
7,590
6,580
1,214
10,869
0,540
9,340
8,78
2,899
0,724
7,971
1,483
2,568
4,729
0,61
6,362
1,304
0,490
3,169
10,205
7,26
8,954
6,738
1,949
3,104
10,874
2,593
3,929
7,968
7,370
6,312
5,410
2,1000
10,424
0,823
2,190
5,890
7,568
7,817
8,461
0,444
9,522
6,204
3,63
6,135
1,251
10,245
8,984
5,478
7,656
9,609
1,748
3,294
4,609
7,52
4,706
10,761
7,580
9,382
0,388
0,816
8,586
7,258
3,323
5,100
4,881
9,784
7,334
9,861
6,480
8,801
7,601
5,975
5,751
8,149
0,749
4,65
1,974
2,614
5,433
8,660
4,510
2,83
10,259
1,765
3,372
1,601
5,503
3,389
8,168
7,477
0,388
0,75
7,269
9,383
3,443
3,726
2,948
4,204
6,363
9,953
9,636
7,908
5,62
10,193
4,738
0,965
5,286
10,371
9,738
10,218
3,3
2,669
4,295
1,592
10,551
7,458
9,71
9,888
8,913
2,213
1,585
9,297
9,649
6,926
9,919
1,70
7,609
2,565
7,530
3,19
9,245
3,223
4,387
0,157
6,690
6,515
7,641
4,910
10,939
2,822
2,1000
9,563
8,366
2,228
1,613
4,215
0,996
9,875
1,877
1,396
3,532
8,366
2,731
3,769
7,866
5,297
9,141
6,493
2,489
8,861
3,295
5,2
3,422
6,923
4,944
0,736
3,831
8,34
4,348
3,210
2,538
0,260
8,74
7,457
3,95
6,559
3,663
1,261
7,840
4,10
7,396
5,36
5,861
7,605
2,444
2,673
4,113
5,537
2,618
2,898
7,263
8,122
10,951
6,493
8,105
9,117
1,359
6,66
1,537
8,132
1,681
4,781
4,54
4,268
6,818
2,754
8,433
2,809
0,128
4,782
9,852
3,241
4,476
2,887
1,694
4,265
10,104
10,350
6,188
8,640
0,683
10,121
1,747
9,83
0,642
1,991
3,938
0,187
4,467
7,547
5,229
2,715
9,20
1,709
4,218
2,528
4,591
8,377
4,759
9,540
5,870
1,798
7,352
1,862
1,758
8,647
0,690
9,648
3,683
2,728
6,801
8,428
10,79
3,184
10,557
5,948
4,429
0,852
5,242
7,147
3,990
2,256
10,632
2,828
5,473
7,706
10,941
9,35
1,585
3,236
7,737
4,631
4,897
9,758
9,869
9,228
7,741
2,475
2,771
10,903
0,167
4,760
10,184
9,834
1,709
5,333
8,751
5,491
8,797
2,39
10,81
3,434
5,815
7,411
3,869
1,709
5,611
2,146
3,193
1,429
5,793
3,696
5,143
6,819
9,227
10,689
10,304
5,599
5,305
2,268
6,401
7,180
4,653
4,28
1,983
9,414
3,555
3,647
8,43
2,465
7,72
6,549
4,684
8,100
10,234
9,20
4,159
8,692
1,219
10,320
6,459
10,365
1,733
1,611
3,900
5,18
0,686
0,711
3,913
6,432
9,317
3,421
9,220
8,569
5,695
2,561
9,233
6,119
6,683
0,653
3,295
5,433
4,686
7,797
7,85
3,946
6,188
7,391
3,325
10,656
1,490
7,64
9,498
5,934
3,975
4,406
9,817
8,281
1,731
4,167
0,299
7,504
10,5
1,113
6,962
2,726
2,981
6,816
1,987
5,786
6,376
9,627
0,949
0,178
2,772
0,823
4,385
7,873
8,640
3,540
2,131
2,226
3,234
1,941
6,624
10,553
9,442
9,974
0,383
0,338
5,885
4,780
5,443
8,13
10,840
9,252
5,850
5,906
6,82
3,149
9,348
1,157
8,640
8,625
9,701
0,217
3,507
8,401
9,820
0,84
7,290
8,210
6,964
6,997
6,831
8,841
6,899
6,773
7,692
5,641
10,734
4,877
9,403
3,949
4,943
2,956
5,97
2,826
3,503
2,89
3,606
10,193
6,659
5,119
9,840
6,366
3,313
7,136
8,481
8,654
4,82
6,864
3,535
6,939
1,724
2,194
3,470
6,559
8,11
1,119
8,288
2,887
0,634
9,254
7,412
0,639
7,112
9,396
10,658
9,819
0,285
8,954
5,922
10,953
9,801
0,749
10,808
7,234
3,201
6,347
9,528
7,406
5,437
9,698
4,532
10,457
10,291
5,936
8,868
0,444
8,690
9,940
10,391
8,83
10,717
8,663
7,937
7,560
7,535
7,209
4,814
9,37
0,140
3,989
0,537
3,161
6,49
6,975
7,171
10,815
7,642
6,204
9,31
1,706
3,794
5,929
4,24
7,791
10,867
9,5
6,625
6,326
8,713
8,72
3,720
6,51
8,532
7,658
4,929
0,228
9,964
1,807
6,347
3,439
5,471
6,905
10,623
0,875
9,266
6,439
6,585
5,373
10,304
10,389
6,263
4,682
10,669
7,356
0,962
5,618
8,301
6,341
8,285
1,108
0,849
0,700
7,725
5,63
4,123
0,502
4,90
5,901
2,269
3,382
9,718
0,555
6,915
0,888
10,827
0,440
8,124
1,608
6,502
6,994
6,546
6,442
9,933
10,985
1,637
6,503
1,764
9,106
4,898
3,305
1,429
3,210
8,32
9,366
9,130
7,389
6,921
2,90
5,232
7,839
9,652
7,178
10,963
0,595
6,730
8,126
8,191
0,476
10,455
1,767
9,57
4,509
8,601
2,238
7,400
4,505
0,466
6,189
5,229
8,633
7,352
3,787
5,217
9,803
5,808
10,30
7,156
7,225
3,729
1,702
3,732
1,534
4,960
5,51
4,449
0,303
2,663
4,435
7,804
8,273
0,743
2,414
8,936
6,313
3,852
0,780
4,101
9,170
0,632
8,736
6,261
6,678
8,986
4,422
10,910
4,59
4,49
9,933
7,876
8,386
3,733
9,192
2,400
9,456
4,683
8,674
8,966
0,270
5,522
8,176
10,723
1,510
2,686
0,325
5,585
6,717
10,564
10,540
0,788
2,4
0,846
1,968
1,63
7,392
1,346
9,228
8,163
0,694
3,969
5,914
6,650
6,190
7,808
2,25
0,157
3,756
4,89
9,359
7,743
0,237
0,486
4,917
3,954
4,742
0,851
1,783
3,279
4,870
0,52
2,146
9,382
6,11
2,888
10,373
10,773
7,834
8,148
7,268
10,534
4,843
9,591
2,19
10,611
7,265
9,765
6,160
6,775
5,444
5,468
8,457
10,898
3,66
6,786
9,896
9,821
6,209
2,317
0,151
4,404
4,919
10,371
2,125
9,436
1,366
8,81
2,851
2,227
1,430
6,918
2,99
7,89
8,416
2,275
4,763
2,836
5,188
7,102
7,522
1,386
1,893
7,705
7,162
9,721
0,422
2,374
0,485
4,322
3,415
0,133
5,177
10,811
2,349
3,692
4,473
2,924
10,252
5,367
9,440
8,524
7,271
4,347
8,716
2,15
3,304
5,254
5,860
2,494
7,668
3,533
6,61
7,294
8,333
10,717
2,226
0,489
5,389
9,396
5,597
1,312
3,553
2,105
9,226
6,838
0,628
8,384
8,272
6,916
4,491
0,461
7,388
9,463
10,869
1,693
7,967
8,496
7,12
2,970
4,158
0,191
5,403
6,246
0,10
5,956
10,917
8,796
2,402
9,74
7,364
3,469
9,449
5,545
7,340
7,257
2,646
7,746
6,417
5,572
8,104
4,32
9,171
3,610
0,535
4,300
8,90
7,244
6,251
3,408
8,332
5,727
7,512
4,291
3,866
3,166
6,123
10,750
0,727
0,950
9,19
7,309
9,739
6,37
9,175
10,593
6,758
5,821
3,935
1,301
3,999
3,611
1,209
3,556
5,771
9,925
6,473
10,276
10,554
3,60
6,239
2,443
0,680
7,128
4,906
5,91
4,949
0,99
5,777
5,735
10,157
3,995
10,214
3,639
7,172
4,266
2,383
4,388
0,864
2,860
9,279
8,831
5,274
0,128
2,111
7,16
7,662
1,458
10,390
7,715
5,298
6,889
5,309
2,960
9,288
9,950
6,929
3,419
9,649
2,897
0,622
2,457
2,561
3,788
6,112
0,550
8,854
2,680
5,305
3,372
0,600
4,423
0,45
1,555
2,484
3,621
2,93
9,199
7,101
5,249
8,626
5,269
3,194
4,494
6,771
3,103
2,332
3,723
4,246
1,441
10,37
1,544
2,943
6,350
10,736
1,248
6,142
7,241
0,522
5,875
6,395
5,972
9,870
4,342
3,361
0,344
1,708
4,285
1,313
4,150
2,170
4,138
2,687
2,714
5,369
3,152
9,998
4,313
5,289
7,144
2,650
4,299
7,100
4,988
8,939
0,352
4,540
5,237
3,891
5,40
2,916
10,838
6,722
7,82
5,22
3,631
7,926
0,319
4,597
9,477
4,231
1,237
3,243
2,206
1,12
0,618
9,609
4,906
9,65
8,184
10,487
4,221
6,100
1,138
8,571
6,427
10,21
5,437
2,212
2,821
7,985
8,132
3,438
7,862
5,91
8,776
1,817
8,445
1,74
4,654
2,510
1,3
6,143
10,92
3,211
6,240
5,0
9,919
7,181
9,871
4,757
0,170
1,87
6,616
10,106
6,31
0,839
4,388
7,579
10,772
7,292
10,530
1,534
1,152
7,425
9,211
0,181
1,148
5,279
3,528
0,669
8,708
6,159
4,689
9,808
7,425
5,811
6,961
1,354
10,838
2,985
2,534
1,115
8,759
2,987
5,718
6,668
10,216
10,216
3,858
3,249
0,107
2,112
3,138
9,290
10,355
9,525
10,306
9,973
1,869
10,12
7,973
2,659
3,387
6,637
5,900
5,491
8,603
7,645
4,418
6,602
6,802
2,443
5,570
1,641
4,860
8,178
3,714
8,824
1,942
10,851
8,435
0,352
8,305
3,65
2,625
6,760
2,533
6,566
3,392
2,462
8,913
7,664
8,475
6,344
9,891
9,528
5,369
4,407
5,124
8,392
4,872
1,65
2,754
4,853
7,360
5,226
7,749
9,260
10,848
0,378
2,798
6,421
3,58
10,225
3,497
6,178
3,587
3,734
6,505
2,820
3,110
1,83
0,37
4,225
2,667
10,677
1,552
8,172
7,327
10,357
5,523
1,320
2,874
4,215
2,382
1,1000
10,314
5,559
7,306
1,891
10,247
7,874
9,388
5,728
8,848
9,473
7,215
9,794
5,648
3,447
7,86
10,828
6,179
8,5
10,846
3,901
4,15
10,249
8,303
8,301
10,328
9,381
4,162
10,142
0,39
1,320
1,35
5,277
5,622
3,626
7,504
0,765
9,232
8,769
0,151
2,80
4,605
10,934
5,303
1,750
3,998
10,324
5,961
1,337
3,875
6,490
0,745
8,982
10,682
10,232
9,570
5,944
9,727
7,479
8,538
6,533
2,725
1,336
0,655
9,79
6,240
10,663
8,896
8,919
10,99
10,52
2,160
4,791
10,86
9,496
1,90
7,812
3,124
5,595
1,431
8,307
2,435
10,449
10,876
3,998
4,424
6,604
7,915
1,332
7,484
1,227
5,749
3,582
2,369
0,797
6,654
4,43
2,943
10,348
2,720
2,503
8,878
0,937
8,978
2,159
6,314
8,638
7,192
7,37
4,995
8,652
8,683
7,129
7,907
1,747
8,539
5,730
10,286
2,950
3,662
0,26
7,25
0,420
4,789
9,657
3,135
4,297
3,582
0,725
7,890
4,611
0,94
2,702
3,696
10,981
5,845
7,958
2,371
8,723
4,186
0,264
7,555
9,642
0,241
0,839
0,202
1,188
8,984
9,226
7,637
5,801
0,15
7,68
7,856
8,795
4,750
5,193
0,613
7,751
3,375
1,190
7,683
1,307
5,530
4,701
1,623
10,531
2,45
1,557
7,14
9,935
2,903
4,785
1,522
5,122
6,260
5,495
7,610
1,758
3,321
0,509
9,910
9,986
4,951
7,560
5,313
3,79
2,895
9,376
10,204
4,415
0,870
5,975
3,317
4,534
6,747
8,397
4,692
9,485
5,267
3,364
5,252
10,361
4,886
2,936
9,253
3,954
4,13
8,420
2,197
1,693
8,985
3,8
10,709
6,134
10,837
6,321
1,978
2,9
0,604
8,492
7,897
1,86
3,913
6,694
9,312
0,664
9,277
10,475
6,917
7,719
9,819
0,563
3,361
10,16
2,660
9,78
4,265
0,500
5,888
9,799
3,534
9,791
0,623
10,285
9,226
8,382
4,729
1,527
7,953
3,299
7,97
3,650
5,209
2,385
10,955
9,822
9,897
10,160
4,408
7,517
2,694
7,152
6,188
0,941
7,655
4,381
0,764
7,171
3,479
5,379
4,651
10,15
9,81
5,245
2,56
0,842
8,42
5,546
6,228
7,252
1,722
4,772
4,559
0,135
3,586
9,473
8,845
0,633
6,499
0,734
8,401
0,850
8,881
8,913
2,468
7,467
7,483
9,773
1,290
7,191
1,83
0,401
8,241
7,898
9,24
9,178
10,265
4,536
3,204
0,936
0,316
2,521
2,814
5,23
3,709
7,411
6,523
2,67
7,665
1,760
4,726
0,821
5,693
5,235
3,391
10,781
8,548
9,683
10,128
0,229
6,50
4,47
8,406
2,381
9,13
4,431
3,692
0,712
1,347
4,47
1,390
3,190
2,827
6,588
8,282
0,458
0,549
6,609
6,170
2,189
0,288
8,57
4,509
7,882
9,760
8,59
9,100
2,699
0,486
0,650
10,578
1,578
5,106
10,532
10,279
1,225
2,173
9,752
0,783
0,341
8,593
3,771
7,363
5,931
2,992
3,268
0,828
9,984
5,207
1,297
6,160
5,853
1,271
10,404
5,137
1,549
2,38
8,200
0,933
1,366
8,65
3,249
3,523
3,519
5,364
10,339
10,314
7,290
7,510
6,549
5,578
4,484
9,107
10,114
10,244
1,820
4,155
3,151
10,801
4,327
4,244
2,502
6,851
3,128
6,969
3,604
1,374
10,170
6,563
0,685
8,292
7,523
3,409
2,687
1,646
2,692
8,901
7,105
2,733
0,141
0,644
9,974
2,653
10,242
10,17
7,930
1,862
1,859
4,271
6,614
4,635
7,315
6,481
9,712
4,386
6,847
7,778
6,195
1,711
10,519
8,471
1,177
1,688
2,113
1,172
8,719
2,45
7,395
7,872
2,221
4,183
7,532
7,981
6,47
6,734
3,176
0,640
8,656
3,808
2,165
6,577
6,429
6,115
10,551
4,438
9,603
4,536
0,54
10,998
5,375
5,816
9,740
5,485
4,659
7,635
5,244
9,142
10,272
0,908
8,673
9,339
4,590
7,786
9,671
10,700
1,39
5,475
2,294
3,890
2,383
4,281
4,212
10,681
5,66
4,863
2,649
9,426
4,535
3,47
4,34
5,296
0,702
6,492
7,939
2,333
8,415
0,370
8,314
10,845
4,501
5,61
2,186
3,967
4,423
2,321
10,385
3,706
3,671
2,131
8,248
9,551
0,162
7,399
10,567
4,742
5,561
4,859
10,108
10,171
4,110
8,131
10,551
3,708
2,709
4,146
5,916
8,485
6,501
4,528
4,674
0,134
4,86
6,144
2,264
3,660
5,279
2,759
6,51
4,905
4,386
7,252
3,206
3,203
6,173
3,185
4,871
9,664
3,440
0,712
3,448
10,237
5,448
10,681
1,814
6,655
0,549
7,455
0,962
5,586
1,847
8,750
10,105
10,605
4,774
9,257
4,181
3,243
0,367
1,345
10,210
1,633
1,481
4,310
0,346
2,118
7,44
1,891
7,426
9,725
0,509
2,439
0,570
10,932
1,896
10,351
8,750
7,739
2,756
10,961
8,619
9,110
3,370
2,235
1,617
9,765
3,975
4,770
10,261
7,534
5,321
2,189
8,418
0,42
9,434
2,673
9,390
4,858
5,853
8,633
3,95
8,980
7,960
0,692
3,450
5,315
0,130
5,575
5,516
1,467
6,800
4,103
10,157
2,612
3,108
5,929
0,875
2,144
8,586
6,829
9,967
4,463
2,851
0,310
6,428
1,550
10,646
4,333
6,785
7,169
2,45
6,632
2,418
6,334
7,715
1,153
9,364
3,546
6,806
4,122
10,207
7,827
10,12
3,275
7,382
3,103
7,592
6,440
5,870
8,767
0,934
0,63
8,924
4,87
5,400
3,148
0,86
10,512
9,130
4,412
5,673
10,255
6,649
5,197
5,705
0,946
4,293
4,47
5,370
2,725
9,700
5,14
0,163
9,252
2,293
4,384
9,90
7,504
2,579
9,780
10,669
7,584
4,399
7,987
10,735
8,322
8,335
2,937
3,293
7,43
1,164
5,954
1,901
6,631
10,394
6,160
4,517
7,994
2,755
4,172
3,473
7,573
8,75
4,29
8,226
8,707
0,84
9,40
2,369
8,163
2,276
7,965
7,529
9,68
1,788
10,290
1,906
9,324
6,538
9,48
2,870
5,217
1,404
1,988
2,172
8,33
8,308
4,227
10,586
10,650
4,24
0,154
2,834
5,346
3,243
10,852
5,928
7,180
8,538
8,58
7,767
5,995
9,650
8,707
5,10
2,698
5,70
0,583
5,491
4,838
1,22
3,40
5,956
10,368
9,718
4,137
2,959
1,131
0,431
6,622
1,930
8,36
9,802
6,283
7,870
1,442
9,179
10,604
2,448
8,779
0,17
6,890
4,718
8,891
2,577
1,396
7,465
3,715
1,335
2,391
9,305
7,447
4,733
3,554
10,410
3,502
0,8
3,296
7,901
10,968
1,634
1,623
0,292
5,87
8,83
3,994
7,132
6,173
7,125
7,520
5,712
7,808
5,646
5,617
2,970
4,456
0,391
7,524
1,688
8,221
9,498
7,799
5,807
0,172
3,165
7,464
8,70
2,338
5,174
8,891
5,707
1,759
4,104
7,812
10,376
5,22
7,776
0,112
7,259
10,763
4,175
0,960
4,894
2,580
5,859
6,716
7,883
10,155
6,300
10,752
2,178
3,531
0,60
10,475
6,475
2,486
9,899
0,555
0,809
9,803
5,179
10,826
7,767
0,891
0,227
5,486
1,366
5,513
9,662
5,785
1,297
3,552
6,37
10,985
9,621
2,741
5,328
7,853
10,537
3,485
4,659
0,994
5,826
9,837
6,658
8,480
5,244
9,722
10,604
3,169
4,917
4,443
5,566
0,803
9,812
7,329
0,741
2,311
6,611
10,620
0,599
2,604
0,165
10,694
9,711
6,106
1,672
4,214
0,6
0,593
9,276
7,681
7,780
6,364
4,346
2,797
5,453
3,898
4,39
9,736
10,128
3,721
6,192
9,467
2,517
0,601
0,674
3,980
6,726
0,130
10,660
0,717
4,14
7,497
7,521
6,436
2,652
10,239
1,516
0,438
6,160
8,472
4,459
5,228
10,722
3,917
5,2
4,147
1,162
10,986
9,204
4,254
3,363
8,787
10,38
8,467
10,769
5,364
8,623
2,449
1,798
6,27
5,915
7,330
0,779
8,117
4,918
1,187
10,620
0,581
5,761
0,670
8,900
6,334
6,907
6,77
3,521
3,712
2,7
1,15
10,348
1,399
5,245
7,18
5,677
0,741
10,934
9,142
3,145
4,864
5,943
5,843
5,416
6,502
10,444
3,768
9,793
0,968
1,310
0,292
6,423
9,932
2,243
4,708
7,698
7,989
5,452
5,869
6,181
8,488
4,114
2,652
9,308
1,547
7,396
2,244
1,627
9,679
1,195
2,802
8,358
10,761
10,101
7,931
1,18
4,266
5,730
4,5
7,436
6,416
7,590
5,374
9,735
0,902
6,96
10,364
5,93
0,719
0,378
1,173
7,183
4,371
0,915
1,820
1,838
0,792
10,900
5,290
8,782
6,240
8,992
8,166
10,954
3,709
1,173
0,752
7,985
0,543
0,355
5,907
5,762
3,596
10,479
0,403
8,77
1,190
7,8
1,618
5,303
6,300
8,244
3,321
4,380
8,883
7,974
1,488
10,349
8,670
3,394
3,709
5,571
8,573
3,547
5,424
2,235
5,792
3,94
4,751
1,165
9,463
4,536
3,65
5,587
8,241
0,480
2,267
8,496
7,82
2,399
10,2
9,155
9,559
3,449
2,363
2,980
3,957
0,341
5,31
4,975
9,635
9,285
7,381
2,73
5,737
2,265
2,404
7,578
1,101
2,569
10,856
9,13
3,571
0,910
3,406
6,838
8,85
2,420
5,244
10,334
5,677
8,974
4,343
7,113
6,854
2,202
7,752
2,824
1,232
10,711
10,151
2,840
4,58
6,826
9,457
7,775
3,633
6,566
7,860
9,204
5,159
0,715
0,822
5,85
8,750
8,171
6,852
8,645
4,472
2,319
0,744
3,314
0,435
1,650
9,164
5,591
8,340
9,228
8,837
8,700
0,735
2,704
9,458
5,203
3,574
7,568
4,956
7,262
10,985
9,73
5,61
6,92
10,153
8,415
5,554
9,990
2,116
0,794
9,371
10,50
4,71
5,934
7,57
2,228
10,322
2,512
4,836
8,984
7,201
0,557
10,381
9,986
1,260
4,277
1,249
5,626
6,746
8,243
10,823
10,322
5,780
9,369
3,125
7,551
1,131
2,264
5,106
0,626
4,350
6,126
1,378
5,131
2,671
3,475
7,929
2,510
8,262
0,431
0,161
4,139
8,646
1,71
9,438
3,927
6,495
3,823
5,42
0,379
1,676
8,619
4,519
6,223
1,250
10,467
2,662
1,29
5,768
2,605
0,710
0,287
1,365
8,522
0,824
4,333
5,516
9,101
6,189
3,733
4,657
8,337
0,964
2,683
2,145
7,117
3,92
5,5
6,279
3,473
5,674
3,490
7,609
2,219
1,439
10,314
10,191
0,525
1,278
0,565
9,61
3,452
8,593
4,277
9,536
7,152
3,170
10,10
1,123
3,229
1,529
6,913
9,328
4,644
6,189
9,155
1,23
8,231
2,565
0,366
9,843
9,154
4,47
8,286
8,473
0,831
3,160
4,602
8,785
5,160
10,850
9,822
10,715
7,377
5,242
9,280
7,996
5,360
8,149
7,910
3,879
4,37
3,41
10,632
3,932
0,807
7,217
6,544
5,545
6,220
1,669
6,827
7,373
7,718
7,271
0,465
5,678
10,800
2,666
1,399
1,864
9,249
7,144
6,243
5,219
9,398
2,795
10,461
8,471
6,500
3,971
6,14
3,460
10,517
3,543
1,635
6,710
6,65
7,441
1,637
8,387
6,899
0,290
10,417
7,423
6,214
2,850
3,530
1,836
8,337
0,684
1,651
7,433
5,95
9,727
6,232
8,545
2,429
4,640
8,100
8,245
8,680
5,639
4,850
8,162
6,648
0,33
8,117
9,989
1,345
9,773
5,890
9,774
10,277
1,808
5,915
10,338
6,240
1,885
7,691
7,336
9,380
1,313
7,56
2,878
5,224
3,389
10,812
4,655
10,946
5,692
3,179
2,715
5,979
3,818
8,400
10,70
5,969
5,140
3,770
10,624
0,310
9,692
3,744
2,478
7,73
7,577
1,263
3,988
7,892
0,398
9,479
9,823
4,997
1,522
9,338
9,159
0,808
2,971
6,848
4,299
10,868
2,953
4,845
7,524
6,285
2,129
1,862
9,754
8,706
4,72
9,91
2,100
4,713
1,974
5,768
1,237
6,374
4,656
7,285
4,986
6,403
6,873
1,540
9,983
3,35
1,123
1,841
4,686
1,771
10,606
1,935
2,640
5,5
1,854
4,958
10,585
4,85
10,187
1,593
3,100
8,754
4,845
3,741
1,424
6,943
0,259
0,14
10,490
3,776
3,492
7,25
2,169
3,602
9,525
5,481
8,631
9,952
3,976
5,817
10,434
4,274
1,888
7,977
2,843
1,511
5,117
7,147
9,372
10,75
3,101
4,908
5,586
2,238
5,42
1,466
7,60
3,828
1,977
9,850
4,801
2,565
1,497
3,76
5,843
0,595
4,433
1,869
10,630
3,414
0,986
2,407
5,153
5,747
1,636
1,98
5,213
9,543
4,577
9,474
6,125
10,757
6,859
9,531
8,739
9,210
7,17
9,915
5,47
0,100
3,604
5,212
5,246
6,516
4,545
4,595
3,163
8,881
5,974
7,172
0,307
0,155
1,354
1,602
3,14
4,533
1,560
10,386
2,370
9,392
7,970
8,917
5,961
4,929
2,300
3,910
10,189
9,495
9,513
3,428
10,284
10,71
10,292
4,985
2,618
3,559
10,892
6,35
7,388
0,100
1,82
5,757
9,703
4,793
3,510
7,396
6,308
2,119
6,979
9,654
1,604
2,762
3,768
5,540
6,979
2,240
3,310
7,673
8,9
10,80
9,835
0,927
7,269
2,472
8,182
8,288
8,588
9,877
1,878
2,754
9,308
4,896
3,827
1,623
3,900
8,46
2,835
1,238
9,773
2,590
0,453
2,160
1,627
10,876
0,999
4,45
3,650
4,46
4,709
6,30
5,176
10,541
6,737
10,135
9,684
10,964
8,333
0,560
0,596
9,87
1,697
5,171
5,407
9,643
9,136
6,27
8,436
6,170
7,8
7,603
3,18
4,864
0,873
9,402
5,278
5,398
9,772
10,739
8,110
9,296
9,83
10,721
3,135
10,561
3,587
0,76
3,890
2,545
9,706
2,836
9,182
5,972
4,723
10,19
6,190
4,257
4,182
3,375
6,642
10,414
2,430
3,688
3,543
7,845
10,123
7,426
10,463
7,659
3,720
4,679
3,952
4,918
9,924
5,238
0,286
8,678
5,343
0,574
1,992
8,762
9,710
6,609
10,478
8,563
10,212
1,274
10,27
3,123
10,181
8,750
10,81
6,580
5,812
10,146
9,488
3,11
2,807
8,559
7,869
1,609
0,929
1,623
3,920
1,335
1,575
0,611
8,420
10,932
5,849
8,569
4,73
5,298
5,783
10,324
6,278
8,580
9,896
0,322
9,680
1,830
7,118
0,636
3,324
1,289
5,246
10,126
3,219
5,726
2,91
9,588
1,12
10,216
4,330
1,148
6,496
4,106
5,978
0,756
3,116
7,414
10,196
8,723
10,362
8,800
2,330
5,825
5,108
2,220
1,237
8,345
7,489
8,166
8,627
1,34
2,513
6,121
7,255
0,1000
6,960
0,310
5,405
4,158
1,221
4,393
9,756
9,574
4,220
0,602
6,516
2,212
6,313
4,41
3,226
8,500
5,792
9,180
8,242
9,621
9,755
10,105
0,523
10,905
3,990
5,394
6,151
2,690
9,603
2,859
4,861
7,423
3,553
10,198
8,281
3,547
4,278
3,836
6,140
5,512
3,130
4,970
3,464
2,552
1,386
2,228
4,489
10,512
10,417
0,63
1,445
0,533
6,856
0,449
9,190
9,992
6,812
2,339
0,170
9,167
7,895
1,121
2,3
3,190
9,139
5,396
1,72
1,457
10,720
0,304
3,596
9,190
6,726
6,973
8,196
7,869
5,81
7,916
9,556
4,144
9,556
7,283
0,208
4,487
1,738
5,935
5,174
4,731
5,797
2,261
6,367
9,723
4,30
3,537
5,495
7,623
5,400
4,673
10,412
10,883
4,156
4,498
2,902
8,917
7,289
4,62
6,19
6,242
0,495
5,653
9,218
1,232
3,95
8,202
7,492
10,585
4,778
2,259
0,930
4,62
3,700
7,581
8,300
7,596
8,669
10,590
2,109
6,762
0,791
1,689
10,965
8,215
8,974
5,99
10,338
6,648
8,232
6,623
1,398
5,98
5,716
4,272
8,910
2,1000
10,634
6,84
9,360
8,915
2,224
3,235
1,414
2,533
10,954
9,327
10,216
8,237
9,416
5,236
1,87
4,619
10,467
10,177
4,343
0,676
7,830
3,651
8,807
10,502
10,291
4,500
8,896
7,922
10,28
10,449
10,458
1,473
8,762
8,524
0,857
9,47
6,353
10,0
3,882
1,888
4,176
2,607
0,286
8,507
5,529
1,150
10,562
8,78
1,133
6,307
4,118
6,271
1,525
10,501
4,841
2,348
7,92
0,378
2,267
2,6
3,951
3,775
10,471
5,789
8,609
1,236
6,26
10,489
2,832
0,535
0,814
2,953
10,633
8,144
6,182
5,7
5,741
7,105
9,447
4,841
9,897
5,299
8,881
5,603
9,893
0,940
8,741
0,977
8,916
0,634
8,727
4,366
5,856
8,780
2,213
6,314
1,607
0,739
4,858
10,603
9,61
0,833
10,333
1,209
7,306
5,527
0,768
7,398
7,523
9,297
10,505
7,326
7,679
8,868
9,14
0,702
3,831
5,632
2,241
8,394
9,122
5,278
5,955
8,577
4,573
2,544
3,271
4,207
1,358
3,656
8,109
1,219
4,75
8,282
10,386
2,906
2,583
5,954
6,608
9,34
5,202
6,204
10,878
8,514
10,654
7,588
9,830
5,649
5,315
4,585
2,888
6,26
2,618
10,394
4,656
10,58
3,774
2,583
9,383
9,885
10,835
3,519
5,795
2,118
1,949
9,56
7,553
0,365
6,606
3,170
7,437
3,556
5,192
6,875
3,329
6,449
8,448
5,855
4,945
0,166
10,962
10,818
3,163
3,13
5,481
1,768
10,324
6,681
5,997
8,604
1,770
6,193
8,691
5,412
9,337
1,742
8,733
3,596
5,736
9,596
8,746
2,751
3,352
6,736
7,929
8,458
5,159
8,186
3,224
4,778
2,254
7,5
7,83
9,386
6,321
8,414
5,168
1,162
9,856
8,807
8,95
4,151
3,648
0,716
7,661
1,387
0,552
8,151
8,25
7,13
3,142
0,753
3,570
7,818
0,228
9,876
9,809
8,763
6,540
10,229
5,825
7,123
7,116
5,698
9,101
4,104
2,473
1,456
10,684
1,756
7,861
9,412
7,107
10,433
3,642
6,710
2,877
6,664
7,523
6,560
9,659
7,671
0,816
3,686
4,947
3,336
5,460
9,60
6,946
3,409
0,755
8,981
4,620
6,754
5,784
1,162
4,499
6,326
2,69
8,973
6,137
5,899
8,437
7,940
9,437
0,322
2,944
7,988
1,802
2,418
4,869
0,79
4,461
1,293
8,814
10,85
2,331
1,499
3,161
6,428
7,996
2,924
4,410
2,250
6,952
5,260
8,99
7,542
5,117
6,520
0,541
5,65
3,448
9,164
2,655
2,415
7,209
7,459
10,910
0,367
5,332
10,26
2,720
4,782
0,890
1,638
5,170
3,643
2,183
4,782
7,882
3,327
6,806
9,945
5,196
3,172
5,53
4,837
3,108
9,39
3,838
6,518
1,869
10,187
2,917
5,805
2,959
10,477
2,223
6,344
5,792
4,451
6,883
6,700
3,600
10,483
8,871
5,153
4,83
7,871
10,489
9,813
4,214
8,608
1,330
8,945
8,282
0,579
2,414
5,44
7,530
8,799
2,22
4,236
7,857
6,51
9,487
0,814
2,250
4,8
2,415
7,989
1,140
7,884
4,761
9,285
10,618
5,508
8,99
2,562
5,634
4,881
7,92
7,962
5,995
5,81
6,504
6,69
9,204
6,249
5,53
2,10
9,26
7,745
4,558
3,150
0,583
1,107
3,428
5,381
9,731
9,490
9,728
6,349
3,693
6,487
8,649
5,589
5,718
0,299
5,554
10,506
9,714
0,197
6,756
8,502
6,989
2,228
7,797
2,517
9,295
0,887
10,836
2,380
3,61
3,187
9,792
6,626
8,401
9,254
7,7
6,162
10,443
1,731
4,722
4,476
3,934
3,814
8,987
1,227
3,431
4,886
10,4
8,61
2,421
6,288
3,414
5,468
5,332
10,900
2,979
8,729
2,787
10,954
10,800
3,664
3,9
4,481
1,776
6,556
2,421
8,482
6,832
6,27
7,836
3,484
8,590
5,365
3,696
5,720
10,428
10,720
6,232
0,393
2,352
3,380
0,506
7,620
3,817
7,73
5,207
2,17
3,57
4,905
8,138
5,21
10,702
7,245
4,162
7,429
4,607
4,167
3,329
7,905
1,810
9,963
5,349
3,120
7,485
6,743
7,921
2,371
6,137
9,546
1,220
10,956
0,82
0,369
3,829
2,440
1,45
2,981
4,833
5,514
10,242
6,336
7,122
4,511
7,438
8,252
1,14
5,465
3,550
8,652
2,140
6,152
5,819
1,835
10,908
4,426
10,49
0,917
4,811
2,145
8,670
8,538
6,351
5,496
5,28
6,967
9,700
6,629
0,938
8,685
2,832
5,183
4,3
7,586
8,478
6,819
10,530
0,2
1,202
8,215
4,840
9,217
0,485
2,584
2,559
5,94
0,291
0,572
1,619
6,965
3,769
5,419
0,559
5,124
6,886
6,319
8,443
3,797
1,769
0,632
5,86
9,184
10,585
2,871
9,383
2,409
5,836
0,630
1,914
6,921
7,761
2,545
5,73
3,664
1,955
7,147
4,90
7,197
6,324
0,710
10,123
6,254
4,61
0,870
4,704
1,679
6,505
3,635
1,225
7,148
5,228
5,618
1,728
3,424
6,738
4,351
5,585
8,418
2,202
2,642
3,15
0,136
2,349
10,930
3,692
5,869
6,431
9,654
5,828
1,122
6,544
4,320
4,893
8,892
9,711
5,678
1,912
3,104
2,648
10,393
6,266
7,853
7,723
5,178
8,319
4,106
10,369
2,291
1,7
4,122
0,680
9,856
2,290
1,169
5,538
6,440
8,709
8,988
9,394
3,555
0,526
7,47
3,572
0,393
8,670
5,737
6,936
4,816
6,111
2,452
3,609
6,443
6,992
1,873
10,778
4,529
0,486
1,701
1,407
4,117
2,26
1,11
6,419
9,294
2,78
0,27
1,592
6,987
4,39
3,254
5,912
7,193
3,622
2,494
7,601
3,401
9,900
10,502
6,27
8,217
4,719
9,627
3,958
1,49
4,799
4,962
0,446
1,304
3,945
7,345
2,593
6,178
6,403
1,346
9,341
8,786
7,986
9,632
2,539
4,776
7,241
9,477
0,504
1,738
5,48
7,81
1,641
9,949
1,301
6,391
2,778
10,528
0,932
6,405
0,557
5,746
3,812
6,79
6,410
0,123
6,818
6,851
9,155
10,467
0,270
8,341
6,119
3,188
3,314
3,281
6,869
7,498
10,689
9,905
6,617
4,577
5,858
4,236
6,949
5,867
6,127
0,123
0,858
1,486
9,700
8,399
2,501
0,980
2,852
1,336
2,917
9,177
2,342
6,4
5,923
3,503
0,934
5,760
7,472
1,368
10,853
7,56
2,579
0,795
3,567
10,895
2,267
2,966
2,109
2,549
2,564
7,518
2,537
5,465
4,18
6,735
0,356
6,424
4,419
8,321
2,482
7,296
9,868
10,838
8,995
0,842
8,887
3,440
2,837
3,77
10,849
1,502
9,292
3,684
9,465
9,348
10,855
7,893
4,376
8,919
2,938
2,299
1,915
1,891
0,250
10,681
0,276
4,792
4,420
8,173
7,558
4,774
10,593
2,719
3,230
3,53
10,357
5,949
3,708
6,606
1,829
6,483
0,79
9,740
9,624
3,394
9,830
1,334
3,276
8,206
6,127
2,629
0,606
5,5
7,733
0,188
10,638
10,21
0,391
2,522
2,797
1,586
5,347
8,541
9,909
1,602
1,434
7,620
2,347
5,334
4,153
3,579
4,771
1,856
5,819
9,23
1,828
3,451
8,270
8,618
4,140
9,193
3,776
1,757
10,76
3,644
1,284
10,429
0,710
9,524
0,847
8,439
3,620
10,77
0,943
0,711
6,214
6,757
3,110
3,715
4,239
2,838
1,288
4,347
9,617
3,128
6,658
7,575
1,804
9,386
9,573
7,470
5,436
3,839
3,650
1,86
7,984
9,575
2,451
5,22
3,525
10,417
9,846
7,922
2,750
6,759
7,847
0,884
6,788
5,782
6,876
7,48
6,344
6,679
10,246
6,366
10,102
5,171
10,695
9,243
2,991
8,642
3,834
7,287
0,834
4,738
3,94
1,922
6,589
1,342
5,549
1,929
8,627
6,33
10,654
3,578
5,313
3,271
7,353
4,412
8,375
4,853
3,913
3,634
10,424
6,301
2,303
7,745
9,317
5,659
9,862
5,553
1,231
6,684
6,921
2,477
1,237
5,212
8,92
2,265
5,838
5,46
6,415
6,270
0,144
6,393
8,926
2,950
9,79
2,96
2,10
0,929
7,77
5,93
8,14
9,61
4,421
0,111
2,782
2,84
6,188
2,22
6,483
6,45
10,221
7,808
1,236
10,296
6,876
2,944
6,928
10,276
2,110
5,731
1,422
2,758
9,299
4,821
9,731
4,25
3,311
0,961
9,158
4,176
3,159
5,758
0,163
1,657
5,99
0,528
7,765
9,75
4,778
7,311
10,448
2,715
7,760
10,505
1,29
4,629
9,293
10,970
2,339
6,1
1,825
10,866
8,401
6,272
1,699
7,741
8,751
0,490
2,970
4,990
4,850
3,387
6,433
7,207
5,70
4,401
4,527
4,147
4,286
7,290
0,163
10,645
10,128
10,162
1,893
5,564
3,887
4,818
8,983
6,454
10,565
1,610
10,522
9,94
5,900
10,616
1,529
3,631
5,266
7,681
8,293
1,502
0,416
5,362
9,276
8,124
2,880
3,427
0,925
9,238
9,72
7,634
10,807
9,983
3,990
6,670
1,483
2,475
10,58
9,328
6,640
3,249
9,590
5,179
10,784
1,368
2,176
5,79
7,495
1,872
3,740
6,691
9,720
4,694
8,80
5,101
1,743
0,343
0,72
0,9
2,537
8,748
7,183
7,187
3,890
2,176
1,278
2,416
8,128
8,236
8,459
5,419
6,996
8,390
0,617
1,947
7,405
3,790
3,886
7,502
0,658
7,418
6,477
0,395
9,207
9,74
10,107
9,82
10,354
4,259
9,599
6,350
1,981
7,642
7,406
9,630
5,72
7,275
1,559
7,675
0,239
0,109
3,521
6,343
6,184
10,15
0,928
6,328
9,410
3,861
8,251
2,111
8,343
8,117
7,32
3,271
5,228
9,708
2,652
4,951
2,442
5,493
8,704
7,816
0,212
10,113
3,462
0,707
9,33
0,44
9,347
9,148
10,456
6,525
9,206
9,494
10,976
3,591
4,381
4,563
7,691
6,455
4,732
7,128
2,244
8,947
9,479
10,22
4,815
10,565
9,372
7,583
4,732
0,823
7,919
2,696
2,715
0,658
7,282
4,274
4,10
3,629
8,946
2,865
9,130
0,104
1,93
5,595
1,331
6,974
9,441
8,769
0,838
9,345
5,519
8,873
8,598
4,58
7,522
6,447
0,10
8,333
6,848
5,959
8,84
4,390
0,274
0,419
8,902
8,843
1,694
9,951
10,558
3,898
3,641
4,290
10,291
8,542
2,938
9,750
8,702
10,994
5,51
5,842
1,674
10,722
8,18
9,509
0,112
2,890
6,473
4,639
3,594
7,612
8,848
4,427
10,985
8,873
3,807
4,921
9,343
4,1
6,720
5,7
8,463
10,283
3,215
8,308
2,556
5,321
2,2
1,885
6,378
8,632
10,848
6,926
8,241
10,893
5,290
1,101
3,158
8,141
1,996
4,864
5,160
9,888
8,383
2,206
0,621
4,761
2,31
5,616
5,437
8,314
1,359
10,483
0,595
4,306
7,909
6,913
10,815
1,187
6,605
1,378
9,737
2,17
4,245
8,449
2,486
3,154
5,452
1,276
7,832
9,689
1,409
7,143
10,605
6,842
2,594
6,308
5,215
10,496
6,302
5,206
5,986
3,46
6,464
1,556
4,270
7,207
5,721
2,87
2,65
7,200
0,744
8,582
6,781
2,635
7,51
3,390
1,975
5,603
10,809
4,390
2,823
8,981
4,78
0,426
8,17
10,575
8,750
1,335
9,716
10,540
7,644
5,283
6,768
10,524
4,60
10,165
9,941
8,407
5,272
9,58
3,675
10,855
4,717
4,702
2,47
4,158
6,712
9,530
1,848
5,195
0,386
4,183
0,150
10,274
4,78
1,955
8,160
2,333
9,277
5,942
3,129
2,478
2,144
7,383
10,968
5,210
3,189
3,335
1,72
9,597
8,586
0,511
0,217
1,657
7,469
9,923
1,494
9,465
4,942
0,794
2,30
10,679
7,452
1,663
1,894
1,394
4,735
9,775
0,841
0,64
3,269
3,322
2,604
0,289
5,817
3,165
9,419
2,139
1,908
4,562
3,402
0,546
4,685
4,494
10,576
1,663
2,391
3,476
5,480
7,511
0,548
10,491
2,487
1,989
2,224
8,86
5,779
9,911
3,811
0,232
9,430
1,832
5,976
7,788
10,554
6,713
10,528
9,272
7,104
9,743
10,340
2,574
0,241
8,956
8,581
3,341
1,829
3,456
10,61
3,454
9,282
10,769
4,449
8,49
9,569
2,97
5,732
8,290
1,988
6,455
8,626
5,816
0,116
10,812
6,338
5,117
7,305
10,428
2,104
7,220
9,142
2,197
3,962
6,941
6,936
5,268
1,505
4,258
1,658
8,695
8,696
8,314
1,651
1,443
10,434
6,491
5,604
1,869
6,800
8,158
3,326
3,451
8,520
9,962
5,795
9,51
4,817
8,650
5,146
4,67
8,787
0,433
6,410
4,116
1,800
5,494
2,715
8,566
3,433
8,233
4,918
2,66
2,788
4,922
3,418
5,668
8,236
10,944
6,56
1,721
3,235
0,517
4,184
8,179
9,583
8,855
0,315
1,891
7,720
8,501
1,334
4,482
3,154
4,889
0,529
2,603
10,908
2,630
6,151
5,737
3,799
2,116
9,105
7,343
0,213
3,72
4,108
8,161
7,816
4,158
4,673
10,866
1,19
5,578
0,383
8,242
6,364
0,859
8,792
5,20
7,476
7,691
7,564
7,527
4,359
0,78
1,602
8,842
3,991
1,797
8,363
10,761
6,644
1,770
6,977
9,531
3,674
3,936
3,371
0,152
3,847
8,557
4,758
5,939
0,796
5,466
3,668
4,157
1,533
7,884
5,274
3,823
3,26
9,467
3,915
10,64
4,323
1,54
4,112
10,216
10,94
4,727
10,741
1,639
5,163
4,201
10,263
1,629
2,893
3,877
5,680
6,191
4,895
8,350
10,480
10,399
6,429
3,505
1,985
6,711
1,761
0,433
2,876
1,615
9,566
8,713
9,145
4,73
10,189
3,701
5,504
7,924
9,741
0,278
6,802
3,9
7,837
2,499
9,236
9,521
7,902
0,485
0,435
2,370
9,651
10,720
6,67
8,39
5,881
7,934
5,437
3,321
7,664
3,76
3,329
10,850
0,3
7,589
8,11
9,147
1,742
5,987
2,871
2,281
6,843
6,31
4,669
10,105
7,336
1,882
1,835
5,677
7,830
3,363
4,885
4,340
4,542
8,82
6,885
5,298
6,800
4,506
8,345
4,2
8,662
5,240
4,793
0,818
0,657
1,351
4,474
2,685
9,204
7,690
0,213
9,216
3,752
7,350
4,243
7,554
8,834
5,142
1,124
6,460
7,106
3,566
3,38
4,391
2,566
6,804
1,298
8,509
3,896
8,160
6,912
5,647
5,970
1,660
1,799
7,802
2,691
7,470
7,56
4,135
4,572
5,98
7,644
1,54
6,639
4,534
5,338
5,484
1,409
8,604
7,151
6,238
6,230
2,246
7,216
2,577
3,901
10,473
0,254
8,452
2,243
4,330
5,237
9,209
10,937
8,339
2,526
3,994
2,871
4,129
3,966
5,99
9,991
3,860
10,396
3,173
4,912
5,634
3,106
3,352
4,431
2,969
8,53
7,52
4,426
1,773
4,749
5,445
1,151
4,723
5,724
9,760
3,950
9,37
10,419
9,635
7,759
2,31
10,120
2,240
7,847
7,566
3,900
4,613
10,932
0,836
6,786
10,806
4,730
9,999
10,853
8,351
2,428
1,534
8,228
9,512
7,42
3,769
2,633
0,117
6,8
6,335
10,943
2,805
10,942
0,358
10,441
1,428
8,469
8,122
1,980
10,975
3,238
4,533
0,843
8,226
5,682
3,895
8,601
1,961
4,933
7,203
3,495
0,163
1,991
5,454
10,614
2,818
10,595
7,729
7,178
9,298
9,703
0,938
6,984
5,247
8,241
6,476
0,985
0,647
5,426
4,480
0,905
3,214
2,238
0,390
3,828
3,775
7,828
7,797
6,826
6,641
6,945
2,718
7,900
7,345
9,323
4,713
0,652
10,813
5,380
7,257
0,406
7,888
8,953
0,79
0,360
4,381
8,195
5,514
3,497
4,439
4,875
6,591
7,412
5,95
0,440
7,433
5,954
7,484
1,809
6,934
10,259
10,905
10,199
1,438
5,809
0,941
10,2
8,65
7,799
9,34
8,338
7,696
6,855
8,507
9,202
2,675
7,669
9,893
0,218
7,918
2,342
2,272
3,930
6,310
0,537
10,623
6,638
7,552
0,20
2,579
7,494
7,11
9,998
2,704
2,118
9,42
10,954
7,345
7,609
1,522
6,203
9,946
9,94
1,519
8,421
5,463
7,598
6,721
1,764
1,96
6,713
6,680
2,386
10,881
7,510
6,418
7,17
6,402
9,935
9,44
7,955
8,501
0,676
8,739
1,226
4,38
6,159
3,564
10,864
10,579
10,108
8,558
9,72
7,69
0,177
0,395
7,518
10,585
7,677
5,567
7,182
4,546
0,738
6,913
5,608
9,26
5,13
10,328
6,517
0,805
3,675
4,427
10,200
4,36
8,17
8,351
6,6
8,703
8,600
10,243
6,58
9,236
6,523
1,775
8,301
7,165
6,829
8,784
9,234
7,428
0,867
4,234
8,586
7,322
9,487
9,912
10,275
7,839
3,260
2,16
7,502
0,373
3,992
2,933
10,872
5,774
9,439
1,963
3,506
4,659
9,539
5,289
3,300
8,365
2,618
6,465
5,681
1,872
7,63
9,161
4,679
6,503
10,231
10,229
10,90
3,342
5,912
5,213
4,903
10,117
7,799
1,854
9,560
6,51
1,240
6,848
5,308
9,254
10,269
8,955
3,360
6,249
8,232
6,318
2,765
5,555
3,208
4,933
6,706
1,129
5,17
3,200
7,753
3,998
5,817
5,125
1,263
8,246
4,76
9,674
7,476
4,517
1,665
7,11
0,932
2,883
1,728
10,272
3,629
9,3
0,513
3,760
5,454
10,113
1,401
0,628
8,874
6,302
5,226
9,117
8,507
1,361
3,181
4,904
0,560
3,334
4,864
6,923
5,340
4,418
9,850
10,252
6,563
9,749
7,235
4,485
0,812
1,2
1,160
4,328
8,304
9,667
5,764
10,45
4,913
7,112
1,22
6,869
10,166
8,25
8,758
2,165
4,536
6,734
7,937
5,896
6,805
2,249
4,306
5,159
10,918
8,748
3,867
6,789
7,436
10,14
1,501
6,341
10,374
0,199
4,59
6,37
0,445
5,515
0,861
3,772
9,484
10,892
6,776
8,868
1,904
1,354
9,393
10,151
3,547
7,881
9,396
9,738
3,312
6,583
3,94
2,335
3,425
10,349
2,277
8,418
10,128
5,54
7,414
8,516
7,455
5,660
10,484
6,566
5,555
7,403
4,934
4,59
10,343
1,263
6,710
5,484
5,528
5,367
2,501
9,926
4,299
5,608
9,847
9,922
1,941
10,222
4,228
3,609
7,671
2,905
3,549
9,602
1,517
2,367
7,447
8,317
6,649
3,316
10,164
8,337
5,966
6,831
6,112
2,810
2,477
9,487
9,146
0,609
9,296
6,566
0,235
6,615
10,688
3,47
2,470
4,5
6,289
9,970
10,479
10,638
5,795
10,732
2,69
4,731
0,643
8,854
5,177
9,398
2,243
1,545
1,974
7,371
5,264
8,29
9,795
5,971
8,198
4,11
7,231
6,117
2,538
3,142
0,480
2,463
2,16
8,99
1,504
10,930
2,10
5,546
7,818
7,164
0,181
9,481
1,291
8,821
10,437
5,61
5,796
3,204
7,918
4,564
1,465
5,469
4,811
10,756
5,504
4,3
9,357
8,399
1,872
6,568
10,520
8,465
3,582
4,832
2,236
7,85
10,456
5,896
7,436
1,69
10,881
0,25
9,457
10,402
7,545
3,35
5,412
9,48
8,418
6,999
7,541
0,811
7,448
9,10
6,527
1,1
3,312
9,247
9,293
6,561
8,149
0,156
2,266
6,573
0,845
2,133
1,795
5,848
3,547
10,231
10,433
7,275
10,691
4,112
6,563
1,581
1,846
1,897
5,504
0,909
4,662
9,201
7,491
2,898
10,792
0,412
6,462
7,582
6,447
1,818
2,902
1,690
6,308
4,608
0,271
5,909
9,435
1,768
3,173
7,469
3,613
0,496
1,619
8,728
10,40
9,931
1,823
9,986
7,204
8,990
4,191
1,995
4,737
7,183
0,749
8,978
2,180
6,465
7,840
4,742
1,201
6,658
7,158
5,436
7,837
6,904
0,526
9,392
5,160
1,486
8,367
2,137
3,933
7,928
2,829
10,197
4,507
10,828
10,519
0,16
9,23
1,144
9,916
1,636
8,20
2,28
10,613
4,854
4,309
0,754
5,430
5,990
1,839
1,488
10,850
8,388
5,129
1,550
0,855
4,941
1,471
10,257
0,69
6,579
5,664
6,644
2,982
6,892
7,755
0,216
0,516
6,277
10,869
0,574
4,57
3,879
1,831
4,987
0,403
9,703
9,662
1,261
1,807
4,928
2,284
5,921
1,568
5,855
10,826
10,483
1,768
4,966
0,147
1,994
0,323
3,858
8,889
4,508
5,119
1,286
7,966
2,589
10,417
8,318
4,628
5,534
6,570
1,593
6,924
3,23
6,948
8,97
2,490
2,725
2,611
3,283
4,200
7,486
2,160
0,854
2,741
7,892
1,221
8,302
1,776
6,792
2,225
7,518
1,151
5,564
5,606
2,700
4,909
3,186
9,517
2,909
10,385
3,715
8,714
2,632
6,811
2,896
10,458
9,787
0,393
4,434
5,892
9,468
5,396
1,500
8,149
7,257
7,547
2,39
0,246
9,620
3,429
7,16
2,765
9,36
5,214
1,842
9,612
10,64
8,640
6,273
3,350
0,698
8,638
3,392
6,456
3,327
10,208
9,885
3,693
10,996
4,587
3,582
0,735
4,426
8,319
6,222
10,866
10,657
10,7
1,703
6,812
10,607
0,999
8,119
9,810
3,596
1,38
5,592
4,625
5,396
10,486
5,256
10,9
6,886
2,112
6,883
9,980
1,623
6,246
6,573
8,471
6,782
6,216
5,184
10,752
7,492
10,164
1,903
0,477
6,758
8,295
8,143
1,105
5,82
10,964
8,74
5,452
8,492
3,579
0,327
8,497
1,259
2,838
3,75
4,459
1,631
3,151
10,812
8,654
8,45
9,949
2,950
10,253
4,22
7,257
1,449
1,92
4,941
9,269
7,19
7,485
3,403
9,883
3,394
10,622
0,293
3,377
8,427
5,212
2,921
10,542
4,305
5,955
6,124
8,421
4,980
2,205
0,339
0,42
2,613
8,372
4,572
7,635
3,475
0,795
3,982
10,486
10,415
1,377
1,90
7,478
1,880
5,145
6,624
6,572
0,190
8,648
4,339
7,355
3,488
6,656
4,331
7,817
2,972
9,94
10,377
3,107
0,202
3,973
1,10
6,999
6,29
4,217
5,560
0,716
2,829
1,105
8,326
5,546
3,946
4,222
6,35
0,640
2,819
7,466
0,760
0,519
5,371
0,755
10,575
7,536
4,25
1,112
6,163
1,125
5,989
10,415
0,399
6,727
9,578
8,520
10,965
10,836
5,804
1,698
0,622
0,135
2,656
1,103
2,970
10,624
7,767
4,548
1,927
5,346
8,802
4,774
4,737
3,37
7,398
3,837
1,347
8,31
9,348
5,568
2,334
0,490
2,885
8,115
5,535
10,779
0,81
8,187
2,992
6,715
1,23
6,571
9,769
3,359
5,653
7,809
5,159
9,198
10,452
8,294
0,809
9,23
4,93
8,896
7,516
10,917
0,921
1,224
0,922
2,325
1,279
8,31
3,435
6,198
2,900
0,654
2,626
2,99
1,654
5,420
7,702
2,315
7,404
9,568
6,772
2,159
10,834
0,48
2,239
1,758
4,211
8,643
4,164
9,413
5,689
3,796
5,539
10,300
0,327
8,636
1,621
4,649
4,570
6,181
0,10
2,148
0,234
7,529
6,780
2,84
10,755
4,634
4,963
10,577
8,245
2,101
10,551
6,39
7,387
9,288
6,171
1,715
8,32
10,229
8,692
10,896
5,345
6,649
0,161
5,191
3,639
9,39
7,303
8,333
3,82
9,127
8,647
8,219
9,224
2,797
3,332
1,188
9,350
5,490
4,567
8,331
1,245
7,467
1,341
0,898
1,301
5,37
10,326
0,579
9,653
5,570
0,214
10,637
5,472
4,189
0,147
9,193
4,618
10,70
5,987
2,936
4,989
9,302
7,723
5,756
7,295
7,836
5,516
6,52
8,978
3,808
0,240
4,699
1,857
1,269
5,378
10,663
6,714
8,901
1,562
6,868
0,312
2,747
9,120
6,869
9,33
6,320
5,855
3,877
8,611
1,131
0,535
5,980
0,830
0,175
10,614
1,33
10,743
2,807
9,883
8,853
8,627
3,249
6,521
5,286
10,373
5,382
7,798
4,323
3,752
0,625
4,289
8,552
3,89
5,240
0,2
10,145
7,257
7,900
3,628
6,506
6,722
7,849
0,61
8,617
6,143
2,405
8,169
8,228
4,333
6,1
1,827
5,912
3,892
2,761
9,512
0,997
6,794
6,51
4,470
9,444
9,865
7,316
3,418
10,926
10,747
0,41
6,884
4,708
8,784
4,242
0,574
9,946
4,46
2,367
4,775
3,933
7,89
0,558
5,253
1,214
8,346
9,950
10,943
3,523
8,210
5,613
8,92
6,184
5,896
9,418
9,451
2,137
4,34
0,550
3,893
0,907
4,617
1,896
5,710
1,991
3,797
3,603
8,975
5,254
0,52
4,712
1,340
6,151
1,946
5,419
1,875
9,28
10,794
1,669
10,432
9,43
7,778
10,842
4,552
6,12
10,59
1,315
10,295
3,200
8,545
10,95
4,172
7,561
7,231
6,753
1,773
8,200
10,717
4,787
3,121
1,69
7,434
5,233
5,656
1,429
1,95
10,392
10,565
2,393
2,228
4,715
3,418
2,135
10,553
2,246
0,575
6,520
2,424
9,475
5,694
8,145
7,906
5,278
4,970
8,874
5,228
0,552
10,919
1,893
1,594
7,170
3,868
2,862
6,880
9,649
8,539
4,129
9,841
0,900
0,271
4,777
5,264
4,503
0,670
1,326
3,795
0,743
0,831
2,881
9,298
6,207
7,936
7,189
0,640
10,732
4,933
9,631
4,213
5,686
5,858
5,536
10,309
1,942
6,278
1,10
5,943
2,55
2,429
10,201
2,378
3,423
10,983
8,570
1,977
1,275
6,32
7,791
9,354
7,751
6,13
10,976
3,361
1,461
0,1
0,672
6,158
3,838
5,784
10,537
8,186
4,370
1,850
2,294
1,559
9,404
3,117
6,266
6,391
8,314
5,200
0,272
2,659
9,730
9,737
8,599
7,954
3,436
5,808
3,796
9,453
5,41
7,490
9,89
2,910
6,299
9,459
2,375
5,397
4,832
6,847
10,758
2,984
0,827
0,427
10,988
5,609
9,414
2,576
10,790
7,521
4,298
10,676
3,441
9,156
9,295
10,507
6,647
4,592
3,125
8,943
10,951
9,291
1,511
5,731
5,270
6,51
9,966
10,492
6,248
2,987
5,701
0,306
1,126
7,675
7,365
1,150
2,37
9,186
6,623
1,169
7,547
5,977
3,758
1,586
9,269
5,241
1,163
3,254
7,156
10,699
4,42
4,999
3,367
10,449
3,271
2,842
10,923
7,499
7,948
0,196
9,993
5,772
2,761
1,345
7,880
10,207
9,453
2,631
4,497
7,953
4,86
6,513
10,886
7,833
4,778
1,428
3,500
0,801
1,301
4,82
6,953
0,768
7,66
2,30
6,224
7,982
5,438
10,260
8,713
5,598
9,700
3,865
6,14
10,637
1,350
5,304
10,204
7,991
3,343
2,961
9,498
5,873
4,141
9,506
3,534
2,335
2,263
5,125
2,567
3,937
6,675
6,462
5,251
1,97
7,535
6,967
2,657
3,257
10,128
7,806
8,539
6,88
0,40
3,492
6,804
1,480
6,447
0,997
3,950
9,17
4,562
2,838
10,744
0,313
8,800
4,238
6,646
7,275
8,383
10,174
1,488
8,457
10,430
1,212
3,121
4,571
8,464
7,129
1,826
7,684
9,726
7,920
9,908
5,922
8,814
7,470
3,195
9,164
10,33
3,432
5,394
1,798
2,94
9,985
1,514
0,918
2,841
8,577
5,951
4,287
1,94
1,841
9,9
4,764
6,57
9,753
3,935
5,256
1,847
8,395
0,78
7,271
9,665
9,849
2,434
3,703
6,214
8,232
1,554
8,31
8,307
4,981
10,730
2,791
1,908
0,529
3,649
2,849
2,108
0,464
4,454
10,194
6,202
2,293
1,851
8,248
0,626
6,898
1,200
9,898
0,984
5,77
3,306
4,225
5,991
9,675
3,685
7,179
2,113
3,64
5,407
6,514
10,295
8,795
4,861
7,113
2,613
1,84
4,921
5,527
5,936
9,753
8,732
3,466
1,823
1,840
4,747
3,303
6,280
7,317
8,147
9,844
0,986
10,408
6,242
7,759
7,265
5,238
5,625
7,573
1,358
8,561
7,446
8,728
0,451
8,637
0,173
7,987
8,513
9,347
9,371
1,416
1,389
9,892
8,16
7,649
10,686
8,658
0,440
4,831
4,735
5,446
5,269
8,188
8,417
8,899
10,623
5,387
10,492
0,201
2,46
8,567
4,356
2,525
0,800
5,542
2,836
7,846
7,865
9,180
3,238
1,469
10,757
9,862
0,103
8,150
1,217
2,354
8,191
9,530
8,513
8,777
5,581
10,999
10,205
9,150
0,611
3,116
3,878
10,216
4,231
8,617
5,188
2,990
2,920
6,793
0,138
10,269
0,714
2,39
10,334
3,300
10,546
5,568
4,550
3,372
5,169
4,590
9,506
8,923
5,442
4,685
8,686
8,155
9,377
6,974
1,434
9,415
9,759
3,637
5,204
2,998
5,52
2,828
6,130
0,614
4,419
6,507
9,350
8,723
2,480
0,894
3,861
10,509
0,999
4,299
5,856
5,121
8,318
9,160
1,788
3,93
0,344
6,499
8,501
2,846
1,167
7,215
7,318
10,13
8,369
0,672
4,593
10,381
4,555
2,660
1,706
1,717
2,265
6,755
0,926
8,16
2,522
8,291
2,186
1,427
0,55
8,373
4,892
6,252
4,874
4,425
9,75
1,649
10,498
0,230
5,694
8,517
9,896
9,715
8,14
4,544
7,445
2,394
3,780
4,284
10,34
2,275
2,563
0,336
7,465
7,123
2,811
2,3
1,382
2,106
0,19
0,987
1,845
1,729
3,633
0,112
9,214
1,347
2,232
9,41
3,996
3,602
1,615
5,267
8,90
3,836
5,906
1,994
0,238
2,163
9,727
5,57
7,2
5,462
5,375
8,73
1,318
0,761
5,769
2,950
6,902
3,603
6,997
0,919
10,773
3,840
8,621
0,983
9,858
6,355
7,632
4,481
10,511
1,881
0,366
4,130
9,424
0,108
10,368
2,331
9,108
6,938
6,634
8,815
1,300
7,165
5,362
0,444
5,778
4,61
7,386
10,780
5,226
1,127
2,619
1,246
6,472
10,927
9,908
5,403
0,405
4,834
1,853
5,850
6,233
6,592
5,378
7,829
3,515
4,519
6,285
7,809
1,402
2,637
9,885
8,670
6,120
6,981
9,938
0,660
5,997
9,585
7,604
7,106
4,104
0,125
3,375
6,465
0,327
8,520
7,521
8,194
5,751
1,458
6,293
0,225
4,179
1,300
3,296
10,33
0,133
5,737
9,820
6,627
5,399
6,763
6,235
0,742
2,479
7,721
6,683
10,506
3,254
9,641
0,63
9,364
8,557
7,350
5,738
10,595
6,770
10,337
5,395
9,443
5,929
9,960
0,813
9,590
4,668
6,523
0,592
4,598
10,290
0,925
8,823
4,394
7,798
8,907
9,353
9,125
1,902
8,395
5,85
9,429
4,844
8,815
5,999
5,57
9,46
2,465
0,649
6,83
6,296
4,500
2,277
3,555
8,123
0,786
6,944
9,560
6,551
3,327
10,743
1,401
5,921
5,444
1,675
4,867
9,386
8,383
1,51
7,631
10,671
3,499
4,624
7,13
6,550
10,31
1,877
8,60
5,485
6,231
10,147
0,318
5,708
5,543
6,289
6,816
1,813
1,351
1,949
3,754
2,873
1,370
3,858
6,735
6,765
6,856
1,822
7,148
7,315
10,630
5,351
3,993
7,298
7,591
1,70
4,738
4,35
6,335
6,328
7,93
10,69
0,645
1,650
4,574
1,28
5,529
6,174
3,818
4,168
10,963
6,268
0,886
8,640
5,777
3,125
3,847
8,466
5,215
0,733
3,309
1,485
9,977
3,372
9,556
8,6
6,450
2,709
7,357
5,969
3,253
3,699
6,877
0,527
1,157
5,943
4,512
0,448
6,984
7,788
7,19
6,764
0,991
5,450
5,549
6,564
9,195
5,443
8,516
1,854
4,622
6,372
6,505
8,956
1,168
5,307
2,399
9,70
8,658
6,965
5,950
3,34
10,252
5,152
2,672
0,352
3,382
4,524
5,248
7,207
8,125
3,347
8,279
0,906
5,576
6,682
7,763
1,618
1,519
9,742
4,675
4,38
10,393
5,861
8,943
2,228
9,57
10,934
1,664
2,892
1,717
3,88
3,162
9,974
3,892
8,205
10,822
9,228
6,277
9,175
3,697
9,807
4,391
8,721
7,242
9,461
1,728
1,618
10,176
8,966
9,358
2,591
3,120
2,272
6,295
7,702
0,773
8,542
0,205
1,690
4,905
10,555
9,676
4,717
3,121
5,448
9,33
4,160
3,168
2,200
1,373
1,617
4,92
8,523
10,259
7,495
3,544
8,534
3,902
9,276
1,553
0,165
5,375
5,131
2,636
2,533
3,963
6,175
7,90
4,155
6,685
0,889
8,865
3,210
3,356
0,572
2,686
4,623
8,392
3,775
6,401
10,474
8,809
7,530
2,101
10,557
8,649
1,733
10,970
5,26
1,505
4,792
3,673
5,952
5,699
0,676
9,224
6,194
10,493
0,693
6,896
2,908
3,197
1,520
6,48
10,369
5,236
3,982
5,117
9,971
9,31
8,103
9,4
1,549
4,514
3,99
3,159
0,531
1,786
2,100
0,388
2,522
7,388
6,31
0,442
10,225
7,605
5,674
9,454
0,976
6,465
10,329
10,895
3,434
9,547
7,18
10,7
8,341
1,622
6,950
5,923
8,912
0,989
0,770
1,594
8,844
4,6
1,167
3,695
6,236
8,462
9,471
0,311
6,320
10,800
4,324
6,959
6,129
3,240
5,182
8,464
1,383
2,120
2,289
7,194
8,576
10,473
2,663
4,969
1,29
3,800
6,583
1,323
4,984
10,321
5,402
1,644
10,605
10,221
2,513
9,599
1,162
7,126
1,183
0,500
2,499
5,924
8,395
6,810
8,400
8,965
8,97
6,931
8,336
0,88
5,815
9,993
8,564
4,998
5,872
1,647
7,774
4,85
8,356
2,820
9,351
2,422
6,252
9,52
5,100
9,991
2,190
3,50
3,759
7,246
7,53
6,797
6,48
1,640
4,760
3,93
3,952
9,746
3,571
1,656
10,992
7,479
3,430
6,247
1,71
8,681
4,311
8,775
7,127
5,853
3,734
5,15
7,605
1,511
8,896
3,462
8,844
1,835
8,868
6,970
0,77
9,600
7,264
1,523
3,156
3,194
8,90
8,374
1,189
10,903
7,503
4,37
3,325
10,400
2,369
6,538
2,764
5,757
3,223
4,977
1,449
7,308
6,297
8,827
6,470
9,364
3,130
10,295
6,487
9,164
6,101
8,414
5,232
2,594
9,848
0,14
10,925
7,566
5,787
0,432
5,860
8,230
6,488
9,806
10,435
9,835
7,465
2,655
7,109
2,863
0,973
9,385
10,29
3,915
10,726
5,685
3,222
5,956
4,181
3,474
8,954
7,180
0,647
9,711
5,591
0,359
5,179
7,220
7,830
9,224
4,602
1,57
9,931
9,683
3,445
10,235
1,182
2,443
0,746
4,308
5,676
9,694
2,625
2,884
8,334
3,830
3,419
4,937
0,336
8,72
0,187
0,576
7,855
8,997
0,567
7,559
3,5
2,960
9,408
5,813
5,722
8,109
9,897
1,750
2,710
8,503
0,889
9,3
9,681
4,507
8,799
2,37
3,678
2,452
4,46
2,732
6,657
10,382
4,539
1,458
6,624
0,968
5,706
7,481
8,733
4,40
4,402
8,28
0,331
6,457
1,862
5,959
10,564
6,931
3,435
0,213
8,668
5,921
8,172
7,696
9,202
10,714
8,16
3,869
3,595
9,169
1,473
7,184
10,775
3,221
7,785
4,471
10,26
3,712
1,751
1,641
8,162
7,827
8,205
9,740
9,625
9,792
3,864
5,15
6,538
9,388
5,851
1,81
10,977
3,683
5,523
3,121
0,13
7,375
2,114
0,908
1,165
8,903
5,771
7,525
5,796
5,669
6,186
10,793
0,55
0,185
10,834
0,305
3,988
5,599
3,210
10,372
6,538
8,675
10,173
7,873
6,913
5,237
0,800
2,141
1,764
5,555
10,204
4,166
7,901
8,875
10,492
2,841
2,736
0,87
1,60
2,86
8,359
8,533
4,816
3,345
3,658
1,408
1,756
6,151
6,119
1,535
1,589
7,269
6,822
3,708
5,708
5,941
7,898
8,489
3,146
8,303
8,757
8,569
3,999
9,547
3,169
10,215
1,741
5,747
4,958
0,384
10,918
8,77
6,429
8,90
6,708
4,14
10,667
8,694
3,669
3,447
7,526
2,729
10,799
1,978
0,587
10,665
5,390
2,285
8,673
0,410
5,446
10,358
0,107
9,257
8,553
9,405
7,478
3,777
10,8
9,13
9,790
7,638
1,581
10,431
0,520
7,218
10,238
4,366
9,401
2,56
1,373
8,654
9,412
3,943
1,753
8,424
0,524
3,412
1,425
5,142
6,677
4,243
9,603
8,560
10,153
2,321
4,768
4,736
1,67
2,940
8,558
8,172
0,369
5,956
4,599
3,677
4,404
10,738
7,268
10,891
0,635
9,313
8,119
2,297
1,365
6,840
0,304
4,512
3,573
10,750
5,808
2,94
1,75
4,689
3,642
0,9
4,562
1,769
10,616
9,714
4,455
1,132
8,40
5,937
10,92
9,376
4,755
7,943
6,404
1,365
8,791
2,243
9,677
7,753
5,852
2,227
4,525
8,119
7,260
9,552
5,299
0,507
2,759
10,73
9,130
8,997
0,856
10,613
8,386
10,349
5,494
0,187
3,190
6,573
4,360
1,111
6,624
3,274
4,471
2,953
3,192
2,658
0,849
2,222
2,689
9,392
8,745
7,906
9,812
10,89
1,208
6,876
6,149
3,612
5,55
2,693
4,29
8,23
8,535
5,511
0,62
7,353
4,698
1,387
2,441
6,271
9,0
9,227
9,715
6,720
8,169
3,715
9,490
8,759
1,85
2,237
7,801
1,41
4,743
10,847
8,853
7,505
9,790
5,521
8,996
1,378
4,967
7,216
4,787
6,767
4,41
5,165
0,54
4,959
5,98
10,589
9,206
5,101
7,477
9,892
4,435
0,911
7,18
7,190
4,606
10,838
8,513
10,390
2,626
9,31
2,956
4,848
10,474
1,410
0,610
1,411
1,568
7,668
3,324
7,850
1,697
10,609
5,40
8,191
10,353
4,21
8,574
2,51
3,790
8,995
4,396
2,971
10,868
2,493
10,10
10,66
3,113
1,600
1,197
0,466
5,410
10,613
5,910
3,262
2,256
1,809
4,787
0,829
5,980
5,490
10,924
0,102
6,881
0,924
10,188
9,984
3,597
9,600
10,252
1,374
8,381
1,411
1,713
0,256
5,169
5,203
6,800
3,950
8,454
7,474
5,157
1,468
7,180
6,493
7,564
2,762
0,889
5,778
7,160
4,692
8,328
7,52
3,912
0,659
5,563
0,91
6,457
3,137
5,400
10,359
8,53
5,476
4,328
9,822
6,27
9,790
1,307
1,299
7,806
3,822
8,502
3,924
1,504
2,9
8,470
6,423
8,215
6,156
5,970
2,670
3,380
6,674
0,294
